0	0	78000	37.406	42.308	42.662
1	33.33333	5360	35.296	42.114	42.529
2	66.66667	5000	35.384	42.125	42.664
3	100	22328	36.918	42.252	42.662
4	133.33333	4976	35.262	42.148	42.635
5	166.66667	4920	35.012	42.094	42.581
6	200	23312	36.868	42.338	42.876
7	233.33333	5040	35.206	42.163	42.748
8	266.66667	5360	35.23	41.917	42.655
9	300	25584	36.64	42.218	42.79
10	333.33333	5096	35.305	42.153	42.915
11	366.66667	5256	35.48	41.977	42.632
12	400	78376	37.428	42.188	42.634
13	433.33333	5032	35.688	42.15	42.685
14	466.66667	5288	35.519	42.175	42.842
15	500	20336	37.011	42.311	42.905
16	533.33333	5368	35.267	42.158	42.827
17	566.66667	5496	35.32	42.075	42.786
18	600	23416	36.997	42.448	43.029
19	633.33333	5080	35.434	42.284	42.901
20	666.66667	4720	35.509	42.293	43
21	700	22632	36.911	42.495	43.057
22	733.33333	4792	35.736	42.537	43.225
23	766.66667	4936	35.694	42.323	42.937
24	800	72456	37.759	42.583	43.015
25	833.33333	4944	35.722	42.435	42.936
26	866.66667	4792	35.69	42.293	42.925
27	900	20888	37.228	42.44	42.908
28	933.33333	4968	35.784	42.365	42.995
29	966.66667	4576	35.665	42.345	42.826
30	1000	22016	37.252	42.535	43.006
31	1033.33333	5104	35.701	42.307	42.847
32	1066.66667	4584	35.604	42.189	42.816
33	1100	23680	37.055	42.458	42.921
34	1133.33333	5072	35.676	42.471	43.114
35	1166.66667	5072	35.927	42.361	42.948
36	1200	69648	37.954	42.814	43.278
37	1233.33333	4008	36.226	42.712	43.318
38	1266.66667	3872	36.116	42.517	43.201
39	1300	19464	37.469	42.755	43.301
40	1333.33333	4424	35.847	42.608	43.242
41	1366.66667	4120	35.804	42.396	43.049
42	1400	21032	37.249	42.629	43.256
43	1433.33333	4752	35.643	42.523	43.014
44	1466.66667	4712	35.606	42.521	43.124
45	1500	22848	37.123	42.727	43.26
46	1533.33333	4864	35.821	42.738	43.259
47	1566.66667	4424	36.086	42.723	43.194
48	1600	70392	37.874	42.845	43.188
49	1633.33333	4616	35.995	42.674	43.148
50	1666.66667	4600	35.72	42.329	42.994
51	1700	20392	37.074	42.561	43.121
52	1733.33333	4272	35.412	42.435	43.054
53	1766.66667	4280	35.569	42.505	43.132
54	1800	21640	36.861	42.682	43.208
55	1833.33333	4032	35.434	42.529	43.118
56	1866.66667	4152	35.463	42.452	43.123
57	1900	22600	36.575	42.589	43.159
58	1933.33333	5312	35.444	42.712	43.288
59	1966.66667	4560	35.667	42.612	43.022
60	2000	73256	37.458	42.73	43.182
61	2033.33333	4672	35.62	42.427	42.778
62	2066.66667	4496	35.658	42.538	43.022
63	2100	21104	36.989	42.554	42.966
64	2133.33333	4936	35.43	42.401	42.803
65	2166.66667	5088	35.511	42.478	42.943
66	2200	24720	36.735	42.625	43.07
67	2233.33333	4704	34.994	42.574	42.988
68	2266.66667	4872	35.156	42.429	42.956
69	2300	25832	36.434	42.715	43.16
70	2333.33333	4496	35.273	43.069	43.486
71	2366.66667	4552	35.452	42.771	43.044
72	2400	73968	37.163	42.967	43.184
73	2433.33333	4968	35.313	42.963	43.187
74	2466.66667	4296	35.187	43.045	43.344
75	2500	22592	36.704	43.095	43.314
76	2533.33333	4904	34.964	42.75	42.972
77	2566.66667	4632	35.356	43.057	43.196
78	2600	24648	36.605	43.052	43.236
79	2633.33333	4000	34.98	42.947	42.979
80	2666.66667	4080	35.27	43.062	43.187
81	2700	22512	36.48	43.093	43.08
82	2733.33333	4312	35.543	43.562	43.521
83	2766.66667	4144	35.644	43.275	43.184
84	2800	71800	37.214	43.305	43.352
85	2833.33333	4672	35.715	43.426	43.524
86	2866.66667	4296	35.488	43.127	43.211
87	2900	21088	36.691	43.124	43.196
88	2933.33333	3768	35.278	43.263	43.395
89	2966.66667	4016	35.484	43.175	43.22
90	3000	21216	36.566	43.283	43.424
91	3033.33333	3648	35.187	43.263	43.379
92	3066.66667	4040	35.278	43.314	43.423
93	3100	23176	36.243	42.629	42.615
94	3133.33333	3704	35.267	43.194	43.159
95	3166.66667	3720	35.553	43.319	43.125
96	3200	73808	36.997	43.257	43.092
97	3233.33333	3704	35.548	43.483	43.303
98	3266.66667	3648	35.559	43.404	43.367
99	3300	21128	36.543	43.218	43.142
100	3333.33333	3560	35.349	43.348	43.28
101	3366.66667	3624	35.303	43.205	43.228
102	3400	20560	36.341	43.105	43.229
103	3433.33333	3392	35.137	43.057	43.104
104	3466.66667	3608	35.278	43.149	43.302
105	3500	22312	36.293	43.082	43.136
106	3533.33333	3296	35.444	43.521	43.563
107	3566.66667	3512	35.601	43.286	43.284
108	3600	76000	36.81	43.19	43.126
109	3633.33333	3384	35.556	43.433	43.362
110	3666.66667	3584	35.555	43.25	43.306
111	3700	18984	36.387	43.26	43.225
112	3733.33333	3632	35.185	43.325	43.336
113	3766.66667	3816	35.01	43.373	43.267
114	3800	24136	36.071	42.986	42.852
115	3833.33333	4392	34.833	43.216	42.924
116	3866.66667	4440	34.831	43.226	42.972
117	3900	26800	35.923	43.272	43.052
118	3933.33333	5080	34.714	43.2	43.071
119	3966.66667	4448	35.02	43.297	43.147
120	4000	82448	36.486	43.127	43.107
121	4033.33333	3736	35.109	43.264	43.28
122	4066.66667	3928	35.121	42.634	42.92
123	4100	23048	36.02	42.58	42.909
124	4133.33333	3304	35.143	42.774	43.181
125	4166.66667	3648	35.08	42.86	43.167
126	4200	23080	35.827	42.552	42.811
127	4233.33333	3624	35.059	42.82	43.136
128	4266.66667	3336	34.844	42.653	43.028
129	4300	20592	35.762	42.848	43.155
130	4333.33333	3520	35.242	42.977	43.32
131	4366.66667	3120	35.501	43.167	43.345
132	4400	83184	36.344	42.909	43.106
133	4433.33333	2888	35.302	43.216	43.421
134	4466.66667	3008	35.366	42.841	42.959
135	4500	16552	36.174	42.803	43.02
136	4533.33333	3024	35.392	42.979	43.218
137	4566.66667	2584	35.391	42.928	43.2
138	4600	17552	35.998	42.641	42.904
139	4633.33333	2960	35.108	42.805	43.303
140	4666.66667	3016	35.049	42.74	43.161
141	4700	17456	35.894	42.659	42.89
142	4733.33333	2224	35.624	43.24	43.675
143	4766.66667	2432	35.624	43.055	43.435
144	4800	85232	36.449	42.689	42.724
145	4833.33333	2256	35.558	43.071	43.102
146	4866.66667	2128	35.781	43.097	43.196
147	4900	14744	36.242	42.84	42.945
148	4933.33333	2336	35.495	43.148	43.282
149	4966.66667	2096	35.397	43.192	43.272
150	5000	14792	36.07	42.9	43.013
